baseline: -38.51679769534547
utctime: 51664.538414
heading: -165.3651163623999
range looks: 7
azimuth looks: 3
