baseline: -42.10855805943154
utctime: 51663.592859
heading: -165.3651163623999
range looks: 7
azimuth looks: 3
