baseline: -35.205199238804056
utctime: 51662.737747
heading: -165.3651163623999
range looks: 7
azimuth looks: 3
